(kicad_pcb (version 20171130) (host pcbnew "(5.0.2)-1")

  (general
    (thickness 1.6)
    (drawings 28)
    (tracks 665)
    (zones 0)
    (modules 86)
    (nets 67)
  )

  (page A)
  (layers
    (0 F.Cu signal)
    (31 B.Cu signal)
    (32 B.Adhes user)
    (33 F.Adhes user)
    (34 B.Paste user)
    (35 F.Paste user)
    (36 B.SilkS user)
    (37 F.SilkS user)
    (38 B.Mask user)
    (39 F.Mask user)
    (40 Dwgs.User user)
    (41 Cmts.User user)
    (42 Eco1.User user)
    (43 Eco2.User user)
    (44 Edge.Cuts user)
    (45 Margin user)
    (46 B.CrtYd user)
    (47 F.CrtYd user hide)
    (48 B.Fab user hide)
    (49 F.Fab user hide)
  )

  (setup
    (last_trace_width 0.25)
    (user_trace_width 0.15)
    (user_trace_width 0.2)
    (user_trace_width 0.4)
    (trace_clearance 0.13)
    (zone_clearance 0.2)
    (zone_45_only no)
    (trace_min 0.15)
    (segment_width 0.5)
    (edge_width 0.15)
    (via_size 0.6)
    (via_drill 0.4)
    (via_min_size 0.4)
    (via_min_drill 0.3)
    (uvia_size 0.3)
    (uvia_drill 0.1)
    (uvias_allowed no)
    (uvia_min_size 0.2)
    (uvia_min_drill 0.1)
    (pcb_text_width 0.3)
    (pcb_text_size 1.5 1.5)
    (mod_edge_width 0.15)
    (mod_text_size 1 1)
    (mod_text_width 0.15)
    (pad_size 1.5 1.5)
    (pad_drill 0)
    (pad_to_mask_clearance 0.06)
    (solder_mask_min_width 0.25)
    (aux_axis_origin 101.727 138.557)
    (grid_origin 101.727 138.557)
    (visible_elements 7FFDD6FF)
    (pcbplotparams
      (layerselection 0x010f0_ffffffff)
      (usegerberextensions false)
      (usegerberattributes false)
      (usegerberadvancedattributes false)
      (creategerberjobfile false)
      (excludeedgelayer true)
      (linewidth 0.100000)
      (plotframeref false)
      (viasonmask true)
      (mode 1)
      (useauxorigin false)
      (hpglpennumber 1)
      (hpglpenspeed 20)
      (hpglpendiameter 15.000000)
      (psnegative false)
      (psa4output false)
      (plotreference false)
      (plotvalue false)
      (plotinvisibletext false)
      (padsonsilk true)
      (subtractmaskfromsilk true)
      (outputformat 1)
      (mirror false)
      (drillshape 0)
      (scaleselection 1)
      (outputdirectory "bldc_gerbers/"))
  )

  (net 0 "")
  (net 1 "Net-(C1-Pad1)")
  (net 2 GND)
  (net 3 "Net-(C2-Pad1)")
  (net 4 "Net-(C4-Pad1)")
  (net 5 /+V_MOTOR)
  (net 6 /bldc_unit1/MOT_A)
  (net 7 /bldc_unit1/MOT_B)
  (net 8 /bldc_unit1/MOT_C)
  (net 9 /bldc_unit1/MOTOR_A)
  (net 10 /bldc_unit1/MOTOR_B)
  (net 11 /+3.3V)
  (net 12 /SWDIO)
  (net 13 /SWCLK)
  (net 14 /RESET)
  (net 15 "Net-(D1-Pad2)")
  (net 16 "Net-(D2-Pad2)")
  (net 17 "Net-(D3-Pad2)")
  (net 18 /SDA)
  (net 19 /SCL)
  (net 20 /bldc_unit1/GHA)
  (net 21 /bldc_unit1/MOTOR_SHUNT)
  (net 22 /bldc_unit1/GLA)
  (net 23 /bldc_unit1/GHB)
  (net 24 /bldc_unit1/GLB)
  (net 25 /bldc_unit1/GHC)
  (net 26 /bldc_unit1/GLC)
  (net 27 "Net-(C8-Pad1)")
  (net 28 "Net-(C8-Pad2)")
  (net 29 "Net-(C12-Pad2)")
  (net 30 "Net-(C14-Pad1)")
  (net 31 "Net-(C14-Pad2)")
  (net 32 "Net-(C15-Pad1)")
  (net 33 "Net-(C15-Pad2)")
  (net 34 "Net-(C16-Pad1)")
  (net 35 "Net-(C16-Pad2)")
  (net 36 /bldc_unit1/MOTOR_C)
  (net 37 /bldc_unit1/MOTF_A)
  (net 38 /STATUS)
  (net 39 /bldc_unit1/MOTOR_ZERO)
  (net 40 /bldc_unit1/MOTF_B)
  (net 41 /bldc_unit1/MOTF_C)
  (net 42 "Net-(R14-Pad2)")
  (net 43 "Net-(R15-Pad2)")
  (net 44 "Net-(R16-Pad2)")
  (net 45 "Net-(R17-Pad2)")
  (net 46 "Net-(R18-Pad2)")
  (net 47 "Net-(R19-Pad2)")
  (net 48 /bldc_unit1/IN_HA)
  (net 49 /bldc_unit1/IN_LA)
  (net 50 /bldc_unit1/IN_HB)
  (net 51 /bldc_unit1/IN_LB)
  (net 52 /bldc_unit1/IN_HC)
  (net 53 /bldc_unit1/IN_LC)
  (net 54 /bldc_unit1/ENABLE)
  (net 55 /bldc_unit1/~FAULT)
  (net 56 /bldc_unit1/CURRENT)
  (net 57 "Net-(R29-Pad2)")
  (net 58 "Net-(CON1-Pad6)")
  (net 59 "Net-(CON1-Pad7)")
  (net 60 "Net-(CON1-Pad8)")
  (net 61 "Net-(U1-Pad22)")
  (net 62 "Net-(U1-Pad23)")
  (net 63 "Net-(U1-Pad24)")
  (net 64 "Net-(R31-Pad1)")
  (net 65 "Net-(U1-Pad1)")
  (net 66 "Net-(U1-Pad2)")

  (net_class Default "This is the default net class."
    (clearance 0.13)
    (trace_width 0.25)
    (via_dia 0.6)
    (via_drill 0.4)
    (uvia_dia 0.3)
    (uvia_drill 0.1)
    (add_net /+3.3V)
    (add_net /+V_MOTOR)
    (add_net /RESET)
    (add_net /SCL)
    (add_net /SDA)
    (add_net /STATUS)
    (add_net /SWCLK)
    (add_net /SWDIO)
    (add_net /bldc_unit1/CURRENT)
    (add_net /bldc_unit1/ENABLE)
    (add_net /bldc_unit1/GHA)
    (add_net /bldc_unit1/GHB)
    (add_net /bldc_unit1/GHC)
    (add_net /bldc_unit1/GLA)
    (add_net /bldc_unit1/GLB)
    (add_net /bldc_unit1/GLC)
    (add_net /bldc_unit1/IN_HA)
    (add_net /bldc_unit1/IN_HB)
    (add_net /bldc_unit1/IN_HC)
    (add_net /bldc_unit1/IN_LA)
    (add_net /bldc_unit1/IN_LB)
    (add_net /bldc_unit1/IN_LC)
    (add_net /bldc_unit1/MOTF_A)
    (add_net /bldc_unit1/MOTF_B)
    (add_net /bldc_unit1/MOTF_C)
    (add_net /bldc_unit1/MOTOR_A)
    (add_net /bldc_unit1/MOTOR_B)
    (add_net /bldc_unit1/MOTOR_C)
    (add_net /bldc_unit1/MOTOR_SHUNT)
    (add_net /bldc_unit1/MOTOR_ZERO)
    (add_net /bldc_unit1/MOT_A)
    (add_net /bldc_unit1/MOT_B)
    (add_net /bldc_unit1/MOT_C)
    (add_net /bldc_unit1/~FAULT)
    (add_net GND)
    (add_net "Net-(C1-Pad1)")
    (add_net "Net-(C12-Pad2)")
    (add_net "Net-(C14-Pad1)")
    (add_net "Net-(C14-Pad2)")
    (add_net "Net-(C15-Pad1)")
    (add_net "Net-(C15-Pad2)")
    (add_net "Net-(C16-Pad1)")
    (add_net "Net-(C16-Pad2)")
    (add_net "Net-(C2-Pad1)")
    (add_net "Net-(C4-Pad1)")
    (add_net "Net-(C8-Pad1)")
    (add_net "Net-(C8-Pad2)")
    (add_net "Net-(CON1-Pad6)")
    (add_net "Net-(CON1-Pad7)")
    (add_net "Net-(CON1-Pad8)")
    (add_net "Net-(D1-Pad2)")
    (add_net "Net-(D2-Pad2)")
    (add_net "Net-(D3-Pad2)")
    (add_net "Net-(R14-Pad2)")
    (add_net "Net-(R15-Pad2)")
    (add_net "Net-(R16-Pad2)")
    (add_net "Net-(R17-Pad2)")
    (add_net "Net-(R18-Pad2)")
    (add_net "Net-(R19-Pad2)")
    (add_net "Net-(R29-Pad2)")
    (add_net "Net-(R31-Pad1)")
    (add_net "Net-(U1-Pad1)")
    (add_net "Net-(U1-Pad2)")
    (add_net "Net-(U1-Pad22)")
    (add_net "Net-(U1-Pad23)")
    (add_net "Net-(U1-Pad24)")
  )

  (module TestPoint:TestPoint_Pad_1.5x1.5mm (layer B.Cu) (tedit 5C626B5D) (tstamp 5C703D44)
    (at 123.317 74.168)
    (descr "SMD rectangular pad as test Point, square 1.5mm side length")
    (tags "test point SMD pad rectangle square")
    (attr virtual)
    (fp_text reference REF** (at 0 1.648) (layer B.SilkS) hide
      (effects (font (size 1 1) (thickness 0.15)) (justify mirror))
    )
    (fp_text value TestPoint_Pad_1.5x1.5mm (at 0 -1.75) (layer B.Fab)
      (effects (font (size 1 1) (thickness 0.15)) (justify mirror))
    )
    (fp_line (start 1.25 -1.25) (end -1.25 -1.25) (layer B.CrtYd) (width 0.05))
    (fp_line (start 1.25 -1.25) (end 1.25 1.25) (layer B.CrtYd) (width 0.05))
    (fp_line (start -1.25 1.25) (end -1.25 -1.25) (layer B.CrtYd) (width 0.05))
    (fp_line (start -1.25 1.25) (end 1.25 1.25) (layer B.CrtYd) (width 0.05))
    (fp_line (start -0.95 -0.95) (end -0.95 0.95) (layer B.SilkS) (width 0.12))
    (fp_line (start 0.95 -0.95) (end -0.95 -0.95) (layer B.SilkS) (width 0.12))
    (fp_line (start 0.95 0.95) (end 0.95 -0.95) (layer B.SilkS) (width 0.12))
    (fp_line (start -0.95 0.95) (end 0.95 0.95) (layer B.SilkS) (width 0.12))
    (fp_text user %R (at 0 1.65) (layer B.Fab)
      (effects (font (size 1 1) (thickness 0.15)) (justify mirror))
    )
    (pad 0 smd rect (at 0 0) (size 1.5 1.5) (layers B.Cu B.Mask)
      (net 2 GND))
  )

  (module TestPoint:TestPoint_Pad_1.5x1.5mm (layer B.Cu) (tedit 5C6265D5) (tstamp 5C701213)
    (at 140.208 73.66)
    (descr "SMD rectangular pad as test Point, square 1.5mm side length")
    (tags "test point SMD pad rectangle square")
    (attr virtual)
    (fp_text reference REF** (at 0 1.648) (layer B.SilkS) hide
      (effects (font (size 1 1) (thickness 0.15)) (justify mirror))
    )
    (fp_text value TestPoint_Pad_1.5x1.5mm (at 0 -1.75) (layer B.Fab)
      (effects (font (size 1 1) (thickness 0.15)) (justify mirror))
    )
    (fp_text user %R (at 0 1.65) (layer B.Fab)
      (effects (font (size 1 1) (thickness 0.15)) (justify mirror))
    )
    (fp_line (start -0.95 0.95) (end 0.95 0.95) (layer B.SilkS) (width 0.12))
    (fp_line (start 0.95 0.95) (end 0.95 -0.95) (layer B.SilkS) (width 0.12))
    (fp_line (start 0.95 -0.95) (end -0.95 -0.95) (layer B.SilkS) (width 0.12))
    (fp_line (start -0.95 -0.95) (end -0.95 0.95) (layer B.SilkS) (width 0.12))
    (fp_line (start -1.25 1.25) (end 1.25 1.25) (layer B.CrtYd) (width 0.05))
    (fp_line (start -1.25 1.25) (end -1.25 -1.25) (layer B.CrtYd) (width 0.05))
    (fp_line (start 1.25 -1.25) (end 1.25 1.25) (layer B.CrtYd) (width 0.05))
    (fp_line (start 1.25 -1.25) (end -1.25 -1.25) (layer B.CrtYd) (width 0.05))
    (pad 3 smd rect (at 0 0) (size 1.5 1.5) (layers B.Cu B.Mask)
      (net 26 /bldc_unit1/GLC))
  )

  (module TestPoint:TestPoint_Pad_1.5x1.5mm (layer B.Cu) (tedit 5C62662B) (tstamp 5C701063)
    (at 151.384 75.438)
    (descr "SMD rectangular pad as test Point, square 1.5mm side length")
    (tags "test point SMD pad rectangle square")
    (attr virtual)
    (fp_text reference REF** (at 0 1.648) (layer B.SilkS) hide
      (effects (font (size 1 1) (thickness 0.15)) (justify mirror))
    )
    (fp_text value TestPoint_Pad_1.5x1.5mm (at 0 -1.75) (layer B.Fab)
      (effects (font (size 1 1) (thickness 0.15)) (justify mirror))
    )
    (fp_line (start 1.25 -1.25) (end -1.25 -1.25) (layer B.CrtYd) (width 0.05))
    (fp_line (start 1.25 -1.25) (end 1.25 1.25) (layer B.CrtYd) (width 0.05))
    (fp_line (start -1.25 1.25) (end -1.25 -1.25) (layer B.CrtYd) (width 0.05))
    (fp_line (start -1.25 1.25) (end 1.25 1.25) (layer B.CrtYd) (width 0.05))
    (fp_line (start -0.95 -0.95) (end -0.95 0.95) (layer B.SilkS) (width 0.12))
    (fp_line (start 0.95 -0.95) (end -0.95 -0.95) (layer B.SilkS) (width 0.12))
    (fp_line (start 0.95 0.95) (end 0.95 -0.95) (layer B.SilkS) (width 0.12))
    (fp_line (start -0.95 0.95) (end 0.95 0.95) (layer B.SilkS) (width 0.12))
    (fp_text user %R (at 0 1.65) (layer B.Fab)
      (effects (font (size 1 1) (thickness 0.15)) (justify mirror))
    )
    (pad 3 smd rect (at 0 0) (size 1.5 1.5) (layers B.Cu B.Mask)
      (net 26 /bldc_unit1/GLC))
  )

  (module TestPoint:TestPoint_Pad_1.5x1.5mm (layer B.Cu) (tedit 5C6265CF) (tstamp 5C70102D)
    (at 148.717 74.168)
    (descr "SMD rectangular pad as test Point, square 1.5mm side length")
    (tags "test point SMD pad rectangle square")
    (attr virtual)
    (fp_text reference REF** (at 0 1.648) (layer B.SilkS) hide
      (effects (font (size 1 1) (thickness 0.15)) (justify mirror))
    )
    (fp_text value TestPoint_Pad_1.5x1.5mm (at 0 -1.75) (layer B.Fab)
      (effects (font (size 1 1) (thickness 0.15)) (justify mirror))
    )
    (fp_text user %R (at 0 1.65) (layer B.Fab)
      (effects (font (size 1 1) (thickness 0.15)) (justify mirror))
    )
    (fp_line (start -0.95 0.95) (end 0.95 0.95) (layer B.SilkS) (width 0.12))
    (fp_line (start 0.95 0.95) (end 0.95 -0.95) (layer B.SilkS) (width 0.12))
    (fp_line (start 0.95 -0.95) (end -0.95 -0.95) (layer B.SilkS) (width 0.12))
    (fp_line (start -0.95 -0.95) (end -0.95 0.95) (layer B.SilkS) (width 0.12))
    (fp_line (start -1.25 1.25) (end 1.25 1.25) (layer B.CrtYd) (width 0.05))
    (fp_line (start -1.25 1.25) (end -1.25 -1.25) (layer B.CrtYd) (width 0.05))
    (fp_line (start 1.25 -1.25) (end 1.25 1.25) (layer B.CrtYd) (width 0.05))
    (fp_line (start 1.25 -1.25) (end -1.25 -1.25) (layer B.CrtYd) (width 0.05))
    (pad 2 smd rect (at 0 0) (size 1.5 1.5) (layers B.Cu B.Mask)
      (net 24 /bldc_unit1/GLB))
  )

  (module TestPoint:TestPoint_Pad_1.5x1.5mm (layer B.Cu) (tedit 5C626631) (tstamp 5C700CD8)
    (at 148.717 78.359)
    (descr "SMD rectangular pad as test Point, square 1.5mm side length")
    (tags "test point SMD pad rectangle square")
    (attr virtual)
    (fp_text reference REF** (at 0 1.648) (layer B.SilkS) hide
      (effects (font (size 1 1) (thickness 0.15)) (justify mirror))
    )
    (fp_text value TestPoint_Pad_1.5x1.5mm (at 0 -1.75) (layer B.Fab)
      (effects (font (size 1 1) (thickness 0.15)) (justify mirror))
    )
    (fp_text user %R (at 0 1.65) (layer B.Fab)
      (effects (font (size 1 1) (thickness 0.15)) (justify mirror))
    )
    (fp_line (start -0.95 0.95) (end 0.95 0.95) (layer B.SilkS) (width 0.12))
    (fp_line (start 0.95 0.95) (end 0.95 -0.95) (layer B.SilkS) (width 0.12))
    (fp_line (start 0.95 -0.95) (end -0.95 -0.95) (layer B.SilkS) (width 0.12))
    (fp_line (start -0.95 -0.95) (end -0.95 0.95) (layer B.SilkS) (width 0.12))
    (fp_line (start -1.25 1.25) (end 1.25 1.25) (layer B.CrtYd) (width 0.05))
    (fp_line (start -1.25 1.25) (end -1.25 -1.25) (layer B.CrtYd) (width 0.05))
    (fp_line (start 1.25 -1.25) (end 1.25 1.25) (layer B.CrtYd) (width 0.05))
    (fp_line (start 1.25 -1.25) (end -1.25 -1.25) (layer B.CrtYd) (width 0.05))
    (pad 3 smd rect (at 0 0) (size 1.5 1.5) (layers B.Cu B.Mask)
      (net 22 /bldc_unit1/GLA))
  )

  (module TestPoint:TestPoint_Pad_1.5x1.5mm (layer B.Cu) (tedit 5C626635) (tstamp 5C700315)
    (at 150.114 80.899)
    (descr "SMD rectangular pad as test Point, square 1.5mm side length")
    (tags "test point SMD pad rectangle square")
    (attr virtual)
    (fp_text reference REF** (at 0 1.648) (layer B.SilkS) hide
      (effects (font (size 1 1) (thickness 0.15)) (justify mirror))
    )
    (fp_text value TestPoint_Pad_1.5x1.5mm (at 0 -1.75) (layer B.Fab)
      (effects (font (size 1 1) (thickness 0.15)) (justify mirror))
    )
    (fp_text user %R (at 0 1.65) (layer B.Fab)
      (effects (font (size 1 1) (thickness 0.15)) (justify mirror))
    )
    (fp_line (start -0.95 0.95) (end 0.95 0.95) (layer B.SilkS) (width 0.12))
    (fp_line (start 0.95 0.95) (end 0.95 -0.95) (layer B.SilkS) (width 0.12))
    (fp_line (start 0.95 -0.95) (end -0.95 -0.95) (layer B.SilkS) (width 0.12))
    (fp_line (start -0.95 -0.95) (end -0.95 0.95) (layer B.SilkS) (width 0.12))
    (fp_line (start -1.25 1.25) (end 1.25 1.25) (layer B.CrtYd) (width 0.05))
    (fp_line (start -1.25 1.25) (end -1.25 -1.25) (layer B.CrtYd) (width 0.05))
    (fp_line (start 1.25 -1.25) (end 1.25 1.25) (layer B.CrtYd) (width 0.05))
    (fp_line (start 1.25 -1.25) (end -1.25 -1.25) (layer B.CrtYd) (width 0.05))
    (pad 4 smd rect (at 0 0) (size 1.5 1.5) (layers B.Cu B.Mask)
      (net 25 /bldc_unit1/GHC))
  )

  (module TestPoint:TestPoint_Pad_1.5x1.5mm (layer B.Cu) (tedit 5C62663A) (tstamp 5C7002DD)
    (at 150.114 83.058)
    (descr "SMD rectangular pad as test Point, square 1.5mm side length")
    (tags "test point SMD pad rectangle square")
    (attr virtual)
    (fp_text reference REF** (at 0 1.648) (layer B.SilkS) hide
      (effects (font (size 1 1) (thickness 0.15)) (justify mirror))
    )
    (fp_text value TestPoint_Pad_1.5x1.5mm (at 0 -1.75) (layer B.Fab)
      (effects (font (size 1 1) (thickness 0.15)) (justify mirror))
    )
    (fp_line (start 1.25 -1.25) (end -1.25 -1.25) (layer B.CrtYd) (width 0.05))
    (fp_line (start 1.25 -1.25) (end 1.25 1.25) (layer B.CrtYd) (width 0.05))
    (fp_line (start -1.25 1.25) (end -1.25 -1.25) (layer B.CrtYd) (width 0.05))
    (fp_line (start -1.25 1.25) (end 1.25 1.25) (layer B.CrtYd) (width 0.05))
    (fp_line (start -0.95 -0.95) (end -0.95 0.95) (layer B.SilkS) (width 0.12))
    (fp_line (start 0.95 -0.95) (end -0.95 -0.95) (layer B.SilkS) (width 0.12))
    (fp_line (start 0.95 0.95) (end 0.95 -0.95) (layer B.SilkS) (width 0.12))
    (fp_line (start -0.95 0.95) (end 0.95 0.95) (layer B.SilkS) (width 0.12))
    (fp_text user %R (at 0 1.65) (layer B.Fab)
      (effects (font (size 1 1) (thickness 0.15)) (justify mirror))
    )
    (pad 2 smd rect (at 0 0) (size 1.5 1.5) (layers B.Cu B.Mask)
      (net 24 /bldc_unit1/GLB))
  )

  (module TestPoint:TestPoint_Pad_1.5x1.5mm (layer B.Cu) (tedit 5C626616) (tstamp 5C7002C3)
    (at 150.114 85.598)
    (descr "SMD rectangular pad as test Point, square 1.5mm side length")
    (tags "test point SMD pad rectangle square")
    (attr virtual)
    (fp_text reference REF** (at 0 1.648) (layer B.SilkS) hide
      (effects (font (size 1 1) (thickness 0.15)) (justify mirror))
    )
    (fp_text value TestPoint_Pad_1.5x1.5mm (at 0 -1.75) (layer B.Fab)
      (effects (font (size 1 1) (thickness 0.15)) (justify mirror))
    )
    (fp_text user %R (at 0 1.65) (layer B.Fab)
      (effects (font (size 1 1) (thickness 0.15)) (justify mirror))
    )
    (fp_line (start -0.95 0.95) (end 0.95 0.95) (layer B.SilkS) (width 0.12))
    (fp_line (start 0.95 0.95) (end 0.95 -0.95) (layer B.SilkS) (width 0.12))
    (fp_line (start 0.95 -0.95) (end -0.95 -0.95) (layer B.SilkS) (width 0.12))
    (fp_line (start -0.95 -0.95) (end -0.95 0.95) (layer B.SilkS) (width 0.12))
    (fp_line (start -1.25 1.25) (end 1.25 1.25) (layer B.CrtYd) (width 0.05))
    (fp_line (start -1.25 1.25) (end -1.25 -1.25) (layer B.CrtYd) (width 0.05))
    (fp_line (start 1.25 -1.25) (end 1.25 1.25) (layer B.CrtYd) (width 0.05))
    (fp_line (start 1.25 -1.25) (end -1.25 -1.25) (layer B.CrtYd) (width 0.05))
    (pad 5 smd rect (at 0 0) (size 1.5 1.5) (layers B.Cu B.Mask)
      (net 23 /bldc_unit1/GHB))
  )

  (module TestPoint:TestPoint_Pad_1.5x1.5mm (layer B.Cu) (tedit 5C6265E2) (tstamp 5C70026F)
    (at 150.114 88.138)
    (descr "SMD rectangular pad as test Point, square 1.5mm side length")
    (tags "test point SMD pad rectangle square")
    (attr virtual)
    (fp_text reference REF** (at 0 1.648) (layer B.SilkS) hide
      (effects (font (size 1 1) (thickness 0.15)) (justify mirror))
    )
    (fp_text value TestPoint_Pad_1.5x1.5mm (at 0 -1.75) (layer B.Fab)
      (effects (font (size 1 1) (thickness 0.15)) (justify mirror))
    )
    (fp_line (start 1.25 -1.25) (end -1.25 -1.25) (layer B.CrtYd) (width 0.05))
    (fp_line (start 1.25 -1.25) (end 1.25 1.25) (layer B.CrtYd) (width 0.05))
    (fp_line (start -1.25 1.25) (end -1.25 -1.25) (layer B.CrtYd) (width 0.05))
    (fp_line (start -1.25 1.25) (end 1.25 1.25) (layer B.CrtYd) (width 0.05))
    (fp_line (start -0.95 -0.95) (end -0.95 0.95) (layer B.SilkS) (width 0.12))
    (fp_line (start 0.95 -0.95) (end -0.95 -0.95) (layer B.SilkS) (width 0.12))
    (fp_line (start 0.95 0.95) (end 0.95 -0.95) (layer B.SilkS) (width 0.12))
    (fp_line (start -0.95 0.95) (end 0.95 0.95) (layer B.SilkS) (width 0.12))
    (fp_text user %R (at 0 1.65) (layer B.Fab)
      (effects (font (size 1 1) (thickness 0.15)) (justify mirror))
    )
    (pad 3 smd rect (at 0 0) (size 1.5 1.5) (layers B.Cu B.Mask)
      (net 22 /bldc_unit1/GLA))
  )

  (module TestPoint:TestPoint_Pad_1.5x1.5mm (layer B.Cu) (tedit 5C6265DD) (tstamp 5C700246)
    (at 150.114 91.059)
    (descr "SMD rectangular pad as test Point, square 1.5mm side length")
    (tags "test point SMD pad rectangle square")
    (attr virtual)
    (fp_text reference REF** (at 0 1.648) (layer B.SilkS) hide
      (effects (font (size 1 1) (thickness 0.15)) (justify mirror))
    )
    (fp_text value TestPoint_Pad_1.5x1.5mm (at 0 -1.75) (layer B.Fab)
      (effects (font (size 1 1) (thickness 0.15)) (justify mirror))
    )
    (fp_text user %R (at 0 1.65) (layer B.Fab)
      (effects (font (size 1 1) (thickness 0.15)) (justify mirror))
    )
    (fp_line (start -0.95 0.95) (end 0.95 0.95) (layer B.SilkS) (width 0.12))
    (fp_line (start 0.95 0.95) (end 0.95 -0.95) (layer B.SilkS) (width 0.12))
    (fp_line (start 0.95 -0.95) (end -0.95 -0.95) (layer B.SilkS) (width 0.12))
    (fp_line (start -0.95 -0.95) (end -0.95 0.95) (layer B.SilkS) (width 0.12))
    (fp_line (start -1.25 1.25) (end 1.25 1.25) (layer B.CrtYd) (width 0.05))
    (fp_line (start -1.25 1.25) (end -1.25 -1.25) (layer B.CrtYd) (width 0.05))
    (fp_line (start 1.25 -1.25) (end 1.25 1.25) (layer B.CrtYd) (width 0.05))
    (fp_line (start 1.25 -1.25) (end -1.25 -1.25) (layer B.CrtYd) (width 0.05))
    (pad 6 smd rect (at 0 0) (size 1.5 1.5) (layers B.Cu B.Mask)
      (net 20 /bldc_unit1/GHA))
  )

  (module TestPoint:TestPoint_Pad_1.5x1.5mm (layer B.Cu) (tedit 5C626594) (tstamp 5C7001FE)
    (at 159.893 77.47)
    (descr "SMD rectangular pad as test Point, square 1.5mm side length")
    (tags "test point SMD pad rectangle square")
    (attr virtual)
    (fp_text reference REF** (at 0 1.648) (layer B.SilkS) hide
      (effects (font (size 1 1) (thickness 0.15)) (justify mirror))
    )
    (fp_text value TestPoint_Pad_1.5x1.5mm (at 0 -1.75) (layer B.Fab)
      (effects (font (size 1 1) (thickness 0.15)) (justify mirror))
    )
    (fp_line (start 1.25 -1.25) (end -1.25 -1.25) (layer B.CrtYd) (width 0.05))
    (fp_line (start 1.25 -1.25) (end 1.25 1.25) (layer B.CrtYd) (width 0.05))
    (fp_line (start -1.25 1.25) (end -1.25 -1.25) (layer B.CrtYd) (width 0.05))
    (fp_line (start -1.25 1.25) (end 1.25 1.25) (layer B.CrtYd) (width 0.05))
    (fp_line (start -0.95 -0.95) (end -0.95 0.95) (layer B.SilkS) (width 0.12))
    (fp_line (start 0.95 -0.95) (end -0.95 -0.95) (layer B.SilkS) (width 0.12))
    (fp_line (start 0.95 0.95) (end 0.95 -0.95) (layer B.SilkS) (width 0.12))
    (fp_line (start -0.95 0.95) (end 0.95 0.95) (layer B.SilkS) (width 0.12))
    (fp_text user %R (at 0 1.65) (layer B.Fab)
      (effects (font (size 1 1) (thickness 0.15)) (justify mirror))
    )
    (pad 4 smd rect (at 0 0) (size 1.5 1.5) (layers B.Cu B.Mask)
      (net 25 /bldc_unit1/GHC))
  )

  (module TestPoint:TestPoint_Pad_1.5x1.5mm (layer B.Cu) (tedit 5C62659C) (tstamp 5C7001D6)
    (at 159.893 83.185)
    (descr "SMD rectangular pad as test Point, square 1.5mm side length")
    (tags "test point SMD pad rectangle square")
    (attr virtual)
    (fp_text reference REF** (at 0 1.648) (layer B.SilkS) hide
      (effects (font (size 1 1) (thickness 0.15)) (justify mirror))
    )
    (fp_text value TestPoint_Pad_1.5x1.5mm (at 0 -1.75) (layer B.Fab)
      (effects (font (size 1 1) (thickness 0.15)) (justify mirror))
    )
    (fp_text user %R (at 0 1.65) (layer B.Fab)
      (effects (font (size 1 1) (thickness 0.15)) (justify mirror))
    )
    (fp_line (start -0.95 0.95) (end 0.95 0.95) (layer B.SilkS) (width 0.12))
    (fp_line (start 0.95 0.95) (end 0.95 -0.95) (layer B.SilkS) (width 0.12))
    (fp_line (start 0.95 -0.95) (end -0.95 -0.95) (layer B.SilkS) (width 0.12))
    (fp_line (start -0.95 -0.95) (end -0.95 0.95) (layer B.SilkS) (width 0.12))
    (fp_line (start -1.25 1.25) (end 1.25 1.25) (layer B.CrtYd) (width 0.05))
    (fp_line (start -1.25 1.25) (end -1.25 -1.25) (layer B.CrtYd) (width 0.05))
    (fp_line (start 1.25 -1.25) (end 1.25 1.25) (layer B.CrtYd) (width 0.05))
    (fp_line (start 1.25 -1.25) (end -1.25 -1.25) (layer B.CrtYd) (width 0.05))
    (pad 5 smd rect (at 0 0) (size 1.5 1.5) (layers B.Cu B.Mask)
      (net 23 /bldc_unit1/GHB))
  )

  (module Resistor_SMD:R_0603_1608Metric_Pad1.05x0.95mm_HandSolder (layer F.Cu) (tedit 5C625A06) (tstamp 5C6FBA7B)
    (at 128.03 82.169 180)
    (descr "Resistor SMD 0603 (1608 Metric), square (rectangular) end terminal, IPC_7351 nominal with elongated pad for handsoldering. (Body size source: http://www.tortai-tech.com/upload/download/2011102023233369053.pdf), generated with kicad-footprint-generator")
    (tags "resistor handsolder")
    (path /5B84F431)
    (attr smd)
    (fp_text reference R30 (at 0 -1.43 180) (layer F.SilkS) hide
      (effects (font (size 1 1) (thickness 0.15)))
    )
    (fp_text value 4.02k (at 0 1.43 180) (layer F.Fab)
      (effects (font (size 1 1) (thickness 0.15)))
    )
    (fp_line (start -0.8 0.4) (end -0.8 -0.4) (layer F.Fab) (width 0.1))
    (fp_line (start -0.8 -0.4) (end 0.8 -0.4) (layer F.Fab) (width 0.1))
    (fp_line (start 0.8 -0.4) (end 0.8 0.4) (layer F.Fab) (width 0.1))
    (fp_line (start 0.8 0.4) (end -0.8 0.4) (layer F.Fab) (width 0.1))
    (fp_line (start -0.171267 -0.51) (end 0.171267 -0.51) (layer F.SilkS) (width 0.12))
    (fp_line (start -0.171267 0.51) (end 0.171267 0.51) (layer F.SilkS) (width 0.12))
    (fp_line (start -1.65 0.73) (end -1.65 -0.73) (layer F.CrtYd) (width 0.05))
    (fp_line (start -1.65 -0.73) (end 1.65 -0.73) (layer F.CrtYd) (width 0.05))
    (fp_line (start 1.65 -0.73) (end 1.65 0.73) (layer F.CrtYd) (width 0.05))
    (fp_line (start 1.65 0.73) (end -1.65 0.73) (layer F.CrtYd) (width 0.05))
    (fp_text user %R (at 0 0 180) (layer F.Fab)
      (effects (font (size 0.4 0.4) (thickness 0.06)))
    )
    (pad 1 smd roundrect (at -0.875 0 180) (size 1.05 0.95) (layers F.Cu F.Paste F.Mask) (roundrect_rratio 0.25)
      (net 57 "Net-(R29-Pad2)"))
    (pad 2 smd roundrect (at 0.875 0 180) (size 1.05 0.95) (layers F.Cu F.Paste F.Mask) (roundrect_rratio 0.25)
      (net 2 GND))
    (model ${KISYS3DMOD}/Resistor_SMD.3dshapes/R_0603_1608Metric.wrl
      (at (xyz 0 0 0))
      (scale (xyz 1 1 1))
      (rotate (xyz 0 0 0))
    )
  )

  (module Capacitor_SMD:C_0603_1608Metric_Pad1.05x0.95mm_HandSolder (layer B.Cu) (tedit 5C625B7D) (tstamp 5C6FBE4C)
    (at 143.637 96.454 270)
    (descr "Capacitor SMD 0603 (1608 Metric), square (rectangular) end terminal, IPC_7351 nominal with elongated pad for handsoldering. (Body size source: http://www.tortai-tech.com/upload/download/2011102023233369053.pdf), generated with kicad-footprint-generator")
    (tags "capacitor handsolder")
    (path /5AE1F86D/5AF103CC)
    (attr smd)
    (fp_text reference C17 (at 0 1.43 270) (layer B.SilkS) hide
      (effects (font (size 1 1) (thickness 0.15)) (justify mirror))
    )
    (fp_text value 22nF (at 0 -1.43 270) (layer B.Fab)
      (effects (font (size 1 1) (thickness 0.15)) (justify mirror))
    )
    (fp_text user %R (at 0 0 270) (layer B.Fab)
      (effects (font (size 0.4 0.4) (thickness 0.06)) (justify mirror))
    )
    (fp_line (start 1.65 -0.73) (end -1.65 -0.73) (layer B.CrtYd) (width 0.05))
    (fp_line (start 1.65 0.73) (end 1.65 -0.73) (layer B.CrtYd) (width 0.05))
    (fp_line (start -1.65 0.73) (end 1.65 0.73) (layer B.CrtYd) (width 0.05))
    (fp_line (start -1.65 -0.73) (end -1.65 0.73) (layer B.CrtYd) (width 0.05))
    (fp_line (start -0.171267 -0.51) (end 0.171267 -0.51) (layer B.SilkS) (width 0.12))
    (fp_line (start -0.171267 0.51) (end 0.171267 0.51) (layer B.SilkS) (width 0.12))
    (fp_line (start 0.8 -0.4) (end -0.8 -0.4) (layer B.Fab) (width 0.1))
    (fp_line (start 0.8 0.4) (end 0.8 -0.4) (layer B.Fab) (width 0.1))
    (fp_line (start -0.8 0.4) (end 0.8 0.4) (layer B.Fab) (width 0.1))
    (fp_line (start -0.8 -0.4) (end -0.8 0.4) (layer B.Fab) (width 0.1))
    (pad 2 smd roundrect (at 0.875 0 270) (size 1.05 0.95) (layers B.Cu B.Paste B.Mask) (roundrect_rratio 0.25)
      (net 2 GND))
    (pad 1 smd roundrect (at -0.875 0 270) (size 1.05 0.95) (layers B.Cu B.Paste B.Mask) (roundrect_rratio 0.25)
      (net 9 /bldc_unit1/MOTOR_A))
    (model ${KISYS3DMOD}/Capacitor_SMD.3dshapes/C_0603_1608Metric.wrl
      (at (xyz 0 0 0))
      (scale (xyz 1 1 1))
      (rotate (xyz 0 0 0))
    )
  )

  (module Capacitor_SMD:C_0603_1608Metric_Pad1.05x0.95mm_HandSolder (layer B.Cu) (tedit 5C625B3B) (tstamp 5C6FBE3C)
    (at 147.381 82.169)
    (descr "Capacitor SMD 0603 (1608 Metric), square (rectangular) end terminal, IPC_7351 nominal with elongated pad for handsoldering. (Body size source: http://www.tortai-tech.com/upload/download/2011102023233369053.pdf), generated with kicad-footprint-generator")
    (tags "capacitor handsolder")
    (path /5AE1F86D/5B6FA581)
    (attr smd)
    (fp_text reference C16 (at 0 1.43) (layer B.SilkS) hide
      (effects (font (size 1 1) (thickness 0.15)) (justify mirror))
    )
    (fp_text value 0.68uF (at 0 -1.43) (layer B.Fab)
      (effects (font (size 1 1) (thickness 0.15)) (justify mirror))
    )
    (fp_line (start -0.8 -0.4) (end -0.8 0.4) (layer B.Fab) (width 0.1))
    (fp_line (start -0.8 0.4) (end 0.8 0.4) (layer B.Fab) (width 0.1))
    (fp_line (start 0.8 0.4) (end 0.8 -0.4) (layer B.Fab) (width 0.1))
    (fp_line (start 0.8 -0.4) (end -0.8 -0.4) (layer B.Fab) (width 0.1))
    (fp_line (start -0.171267 0.51) (end 0.171267 0.51) (layer B.SilkS) (width 0.12))
    (fp_line (start -0.171267 -0.51) (end 0.171267 -0.51) (layer B.SilkS) (width 0.12))
    (fp_line (start -1.65 -0.73) (end -1.65 0.73) (layer B.CrtYd) (width 0.05))
    (fp_line (start -1.65 0.73) (end 1.65 0.73) (layer B.CrtYd) (width 0.05))
    (fp_line (start 1.65 0.73) (end 1.65 -0.73) (layer B.CrtYd) (width 0.05))
    (fp_line (start 1.65 -0.73) (end -1.65 -0.73) (layer B.CrtYd) (width 0.05))
    (fp_text user %R (at 0 0) (layer B.Fab)
      (effects (font (size 0.4 0.4) (thickness 0.06)) (justify mirror))
    )
    (pad 1 smd roundrect (at -0.875 0) (size 1.05 0.95) (layers B.Cu B.Paste B.Mask) (roundrect_rratio 0.25)
      (net 34 "Net-(C16-Pad1)"))
    (pad 2 smd roundrect (at 0.875 0) (size 1.05 0.95) (layers B.Cu B.Paste B.Mask) (roundrect_rratio 0.25)
      (net 35 "Net-(C16-Pad2)"))
    (model ${KISYS3DMOD}/Capacitor_SMD.3dshapes/C_0603_1608Metric.wrl
      (at (xyz 0 0 0))
      (scale (xyz 1 1 1))
      (rotate (xyz 0 0 0))
    )
  )

  (module Capacitor_SMD:C_0603_1608Metric_Pad1.05x0.95mm_HandSolder (layer B.Cu) (tedit 5C625B64) (tstamp 5C6FBE2C)
    (at 147.381 87.122)
    (descr "Capacitor SMD 0603 (1608 Metric), square (rectangular) end terminal, IPC_7351 nominal with elongated pad for handsoldering. (Body size source: http://www.tortai-tech.com/upload/download/2011102023233369053.pdf), generated with kicad-footprint-generator")
    (tags "capacitor handsolder")
    (path /5AE1F86D/5B6F5BB8)
    (attr smd)
    (fp_text reference C15 (at 0 1.43) (layer B.SilkS) hide
      (effects (font (size 1 1) (thickness 0.15)) (justify mirror))
    )
    (fp_text value 0.68uF (at 0 -1.43) (layer B.Fab)
      (effects (font (size 1 1) (thickness 0.15)) (justify mirror))
    )
    (fp_text user %R (at 0 0) (layer B.Fab)
      (effects (font (size 0.4 0.4) (thickness 0.06)) (justify mirror))
    )
    (fp_line (start 1.65 -0.73) (end -1.65 -0.73) (layer B.CrtYd) (width 0.05))
    (fp_line (start 1.65 0.73) (end 1.65 -0.73) (layer B.CrtYd) (width 0.05))
    (fp_line (start -1.65 0.73) (end 1.65 0.73) (layer B.CrtYd) (width 0.05))
    (fp_line (start -1.65 -0.73) (end -1.65 0.73) (layer B.CrtYd) (width 0.05))
    (fp_line (start -0.171267 -0.51) (end 0.171267 -0.51) (layer B.SilkS) (width 0.12))
    (fp_line (start -0.171267 0.51) (end 0.171267 0.51) (layer B.SilkS) (width 0.12))
    (fp_line (start 0.8 -0.4) (end -0.8 -0.4) (layer B.Fab) (width 0.1))
    (fp_line (start 0.8 0.4) (end 0.8 -0.4) (layer B.Fab) (width 0.1))
    (fp_line (start -0.8 0.4) (end 0.8 0.4) (layer B.Fab) (width 0.1))
    (fp_line (start -0.8 -0.4) (end -0.8 0.4) (layer B.Fab) (width 0.1))
    (pad 2 smd roundrect (at 0.875 0) (size 1.05 0.95) (layers B.Cu B.Paste B.Mask) (roundrect_rratio 0.25)
      (net 33 "Net-(C15-Pad2)"))
    (pad 1 smd roundrect (at -0.875 0) (size 1.05 0.95) (layers B.Cu B.Paste B.Mask) (roundrect_rratio 0.25)
      (net 32 "Net-(C15-Pad1)"))
    (model ${KISYS3DMOD}/Capacitor_SMD.3dshapes/C_0603_1608Metric.wrl
      (at (xyz 0 0 0))
      (scale (xyz 1 1 1))
      (rotate (xyz 0 0 0))
    )
  )

  (module Capacitor_SMD:C_0603_1608Metric_Pad1.05x0.95mm_HandSolder (layer B.Cu) (tedit 5C626ADD) (tstamp 5C6FBE1C)
    (at 147.381 92.202)
    (descr "Capacitor SMD 0603 (1608 Metric), square (rectangular) end terminal, IPC_7351 nominal with elongated pad for handsoldering. (Body size source: http://www.tortai-tech.com/upload/download/2011102023233369053.pdf), generated with kicad-footprint-generator")
    (tags "capacitor handsolder")
    (path /5AE1F86D/5AE1FE1D)
    (attr smd)
    (fp_text reference C14 (at 0 1.43) (layer B.SilkS) hide
      (effects (font (size 1 1) (thickness 0.15)) (justify mirror))
    )
    (fp_text value 0.68uF (at 0 -1.43) (layer B.Fab)
      (effects (font (size 1 1) (thickness 0.15)) (justify mirror))
    )
    (fp_line (start -0.8 -0.4) (end -0.8 0.4) (layer B.Fab) (width 0.1))
    (fp_line (start -0.8 0.4) (end 0.8 0.4) (layer B.Fab) (width 0.1))
    (fp_line (start 0.8 0.4) (end 0.8 -0.4) (layer B.Fab) (width 0.1))
    (fp_line (start 0.8 -0.4) (end -0.8 -0.4) (layer B.Fab) (width 0.1))
    (fp_line (start -0.171267 0.51) (end 0.171267 0.51) (layer B.SilkS) (width 0.12))
    (fp_line (start -0.171267 -0.51) (end 0.171267 -0.51) (layer B.SilkS) (width 0.12))
    (fp_line (start -1.65 -0.73) (end -1.65 0.73) (layer B.CrtYd) (width 0.05))
    (fp_line (start -1.65 0.73) (end 1.65 0.73) (layer B.CrtYd) (width 0.05))
    (fp_line (start 1.65 0.73) (end 1.65 -0.73) (layer B.CrtYd) (width 0.05))
    (fp_line (start 1.65 -0.73) (end -1.65 -0.73) (layer B.CrtYd) (width 0.05))
    (fp_text user %R (at 0 0) (layer B.Fab)
      (effects (font (size 0.4 0.4) (thickness 0.06)) (justify mirror))
    )
    (pad 1 smd roundrect (at -0.875 0) (size 1.05 0.95) (layers B.Cu B.Paste B.Mask) (roundrect_rratio 0.25)
      (net 30 "Net-(C14-Pad1)"))
    (pad 2 smd roundrect (at 0.875 0) (size 1.05 0.95) (layers B.Cu B.Paste B.Mask) (roundrect_rratio 0.25)
      (net 31 "Net-(C14-Pad2)"))
    (model ${KISYS3DMOD}/Capacitor_SMD.3dshapes/C_0603_1608Metric.wrl
      (at (xyz 0 0 0))
      (scale (xyz 1 1 1))
      (rotate (xyz 0 0 0))
    )
  )

  (module Capacitor_SMD:C_0603_1608Metric_Pad1.05x0.95mm_HandSolder (layer B.Cu) (tedit 5C625AFA) (tstamp 5C6FBE0C)
    (at 132.141 92.329)
    (descr "Capacitor SMD 0603 (1608 Metric), square (rectangular) end terminal, IPC_7351 nominal with elongated pad for handsoldering. (Body size source: http://www.tortai-tech.com/upload/download/2011102023233369053.pdf), generated with kicad-footprint-generator")
    (tags "capacitor handsolder")
    (path /5AE1F86D/5B6F28B3)
    (attr smd)
    (fp_text reference C13 (at 0 1.43) (layer B.SilkS) hide
      (effects (font (size 1 1) (thickness 0.15)) (justify mirror))
    )
    (fp_text value 1uF (at 0 -1.43) (layer B.Fab)
      (effects (font (size 1 1) (thickness 0.15)) (justify mirror))
    )
    (fp_text user %R (at 0 0) (layer B.Fab)
      (effects (font (size 0.4 0.4) (thickness 0.06)) (justify mirror))
    )
    (fp_line (start 1.65 -0.73) (end -1.65 -0.73) (layer B.CrtYd) (width 0.05))
    (fp_line (start 1.65 0.73) (end 1.65 -0.73) (layer B.CrtYd) (width 0.05))
    (fp_line (start -1.65 0.73) (end 1.65 0.73) (layer B.CrtYd) (width 0.05))
    (fp_line (start -1.65 -0.73) (end -1.65 0.73) (layer B.CrtYd) (width 0.05))
    (fp_line (start -0.171267 -0.51) (end 0.171267 -0.51) (layer B.SilkS) (width 0.12))
    (fp_line (start -0.171267 0.51) (end 0.171267 0.51) (layer B.SilkS) (width 0.12))
    (fp_line (start 0.8 -0.4) (end -0.8 -0.4) (layer B.Fab) (width 0.1))
    (fp_line (start 0.8 0.4) (end 0.8 -0.4) (layer B.Fab) (width 0.1))
    (fp_line (start -0.8 0.4) (end 0.8 0.4) (layer B.Fab) (width 0.1))
    (fp_line (start -0.8 -0.4) (end -0.8 0.4) (layer B.Fab) (width 0.1))
    (pad 2 smd roundrect (at 0.875 0) (size 1.05 0.95) (layers B.Cu B.Paste B.Mask) (roundrect_rratio 0.25)
      (net 5 /+V_MOTOR))
    (pad 1 smd roundrect (at -0.875 0) (size 1.05 0.95) (layers B.Cu B.Paste B.Mask) (roundrect_rratio 0.25)
      (net 2 GND))
    (model ${KISYS3DMOD}/Capacitor_SMD.3dshapes/C_0603_1608Metric.wrl
      (at (xyz 0 0 0))
      (scale (xyz 1 1 1))
      (rotate (xyz 0 0 0))
    )
  )

  (module Capacitor_SMD:C_0603_1608Metric_Pad1.05x0.95mm_HandSolder (layer B.Cu) (tedit 5C625B06) (tstamp 5C6FBDFC)
    (at 132.715 78.613 270)
    (descr "Capacitor SMD 0603 (1608 Metric), square (rectangular) end terminal, IPC_7351 nominal with elongated pad for handsoldering. (Body size source: http://www.tortai-tech.com/upload/download/2011102023233369053.pdf), generated with kicad-footprint-generator")
    (tags "capacitor handsolder")
    (path /5AE1F86D/5B72608A)
    (attr smd)
    (fp_text reference C12 (at 0 1.43 270) (layer B.SilkS) hide
      (effects (font (size 1 1) (thickness 0.15)) (justify mirror))
    )
    (fp_text value 1nF (at 0 -1.43 270) (layer B.Fab)
      (effects (font (size 1 1) (thickness 0.15)) (justify mirror))
    )
    (fp_line (start -0.8 -0.4) (end -0.8 0.4) (layer B.Fab) (width 0.1))
    (fp_line (start -0.8 0.4) (end 0.8 0.4) (layer B.Fab) (width 0.1))
    (fp_line (start 0.8 0.4) (end 0.8 -0.4) (layer B.Fab) (width 0.1))
    (fp_line (start 0.8 -0.4) (end -0.8 -0.4) (layer B.Fab) (width 0.1))
    (fp_line (start -0.171267 0.51) (end 0.171267 0.51) (layer B.SilkS) (width 0.12))
    (fp_line (start -0.171267 -0.51) (end 0.171267 -0.51) (layer B.SilkS) (width 0.12))
    (fp_line (start -1.65 -0.73) (end -1.65 0.73) (layer B.CrtYd) (width 0.05))
    (fp_line (start -1.65 0.73) (end 1.65 0.73) (layer B.CrtYd) (width 0.05))
    (fp_line (start 1.65 0.73) (end 1.65 -0.73) (layer B.CrtYd) (width 0.05))
    (fp_line (start 1.65 -0.73) (end -1.65 -0.73) (layer B.CrtYd) (width 0.05))
    (fp_text user %R (at 0 0 270) (layer B.Fab)
      (effects (font (size 0.4 0.4) (thickness 0.06)) (justify mirror))
    )
    (pad 1 smd roundrect (at -0.875 0 270) (size 1.05 0.95) (layers B.Cu B.Paste B.Mask) (roundrect_rratio 0.25)
      (net 2 GND))
    (pad 2 smd roundrect (at 0.875 0 270) (size 1.05 0.95) (layers B.Cu B.Paste B.Mask) (roundrect_rratio 0.25)
      (net 29 "Net-(C12-Pad2)"))
    (model ${KISYS3DMOD}/Capacitor_SMD.3dshapes/C_0603_1608Metric.wrl
      (at (xyz 0 0 0))
      (scale (xyz 1 1 1))
      (rotate (xyz 0 0 0))
    )
  )

  (module Capacitor_SMD:C_0603_1608Metric_Pad1.05x0.95mm_HandSolder (layer F.Cu) (tedit 5C625A49) (tstamp 5C6FBDEC)
    (at 148.905 97.663)
    (descr "Capacitor SMD 0603 (1608 Metric), square (rectangular) end terminal, IPC_7351 nominal with elongated pad for handsoldering. (Body size source: http://www.tortai-tech.com/upload/download/2011102023233369053.pdf), generated with kicad-footprint-generator")
    (tags "capacitor handsolder")
    (path /5AE1F86D/5AE9179D)
    (attr smd)
    (fp_text reference C11 (at -0.061 0) (layer F.SilkS) hide
      (effects (font (size 1 1) (thickness 0.15)))
    )
    (fp_text value 100nF (at 0 1.43) (layer F.Fab)
      (effects (font (size 1 1) (thickness 0.15)))
    )
    (fp_text user %R (at 0 0) (layer F.Fab)
      (effects (font (size 0.4 0.4) (thickness 0.06)))
    )
    (fp_line (start 1.65 0.73) (end -1.65 0.73) (layer F.CrtYd) (width 0.05))
    (fp_line (start 1.65 -0.73) (end 1.65 0.73) (layer F.CrtYd) (width 0.05))
    (fp_line (start -1.65 -0.73) (end 1.65 -0.73) (layer F.CrtYd) (width 0.05))
    (fp_line (start -1.65 0.73) (end -1.65 -0.73) (layer F.CrtYd) (width 0.05))
    (fp_line (start -0.171267 0.51) (end 0.171267 0.51) (layer F.SilkS) (width 0.12))
    (fp_line (start -0.171267 -0.51) (end 0.171267 -0.51) (layer F.SilkS) (width 0.12))
    (fp_line (start 0.8 0.4) (end -0.8 0.4) (layer F.Fab) (width 0.1))
    (fp_line (start 0.8 -0.4) (end 0.8 0.4) (layer F.Fab) (width 0.1))
    (fp_line (start -0.8 -0.4) (end 0.8 -0.4) (layer F.Fab) (width 0.1))
    (fp_line (start -0.8 0.4) (end -0.8 -0.4) (layer F.Fab) (width 0.1))
    (pad 2 smd roundrect (at 0.875 0) (size 1.05 0.95) (layers F.Cu F.Paste F.Mask) (roundrect_rratio 0.25)
      (net 11 /+3.3V))
    (pad 1 smd roundrect (at -0.875 0) (size 1.05 0.95) (layers F.Cu F.Paste F.Mask) (roundrect_rratio 0.25)
      (net 2 GND))
    (model ${KISYS3DMOD}/Capacitor_SMD.3dshapes/C_0603_1608Metric.wrl
      (at (xyz 0 0 0))
      (scale (xyz 1 1 1))
      (rotate (xyz 0 0 0))
    )
  )

  (module Capacitor_SMD:C_0603_1608Metric_Pad1.05x0.95mm_HandSolder (layer B.Cu) (tedit 5C625BB2) (tstamp 5C6FBDDC)
    (at 157.292 96.139)
    (descr "Capacitor SMD 0603 (1608 Metric), square (rectangular) end terminal, IPC_7351 nominal with elongated pad for handsoldering. (Body size source: http://www.tortai-tech.com/upload/download/2011102023233369053.pdf), generated with kicad-footprint-generator")
    (tags "capacitor handsolder")
    (path /5AE1F86D/5B6F5BD3)
    (attr smd)
    (fp_text reference C18 (at 0 1.43) (layer B.SilkS) hide
